16
1.000000 0.017130 0.042492 0.080765 0.000000 0.041760 0.011844 0.105201 0.221278 0.032242 0.066021 0.116317 0.031702 0.001478 0.070315 0.056351 
0.017130 1.000000 0.075101 0.043939 0.039024 0.030489 0.064153 0.032784 0.003426 0.052004 0.024994 0.037461 0.101165 0.055000 0.078697 0.022601 
0.042492 0.075101 1.000000 0.047990 0.035714 0.010240 0.098915 0.051213 0.050477 0.114554 0.045826 0.100895 0.133044 0.074039 0.029846 0.021930 
0.080765 0.043939 0.047990 1.000000 0.013274 0.022044 0.216271 0.034191 0.103934 0.054810 0.001125 0.216382 0.195803 0.000000 0.015749 0.069405 
0.000000 0.039024 0.035714 0.013274 1.000000 0.068516 0.044947 0.037920 0.013101 0.108943 0.036786 0.028186 0.050216 0.000000 0.009345 0.020951 
0.041760 0.030489 0.010240 0.022044 0.068516 1.000000 0.008929 0.041766 0.037645 0.033184 0.033896 0.010639 0.072953 0.000000 0.021863 0.030044 
0.011844 0.064153 0.098915 0.216271 0.044947 0.008929 1.000000 0.004873 0.010867 0.052297 0.018340 0.020897 0.046650 0.000000 0.033638 0.103935 
0.105201 0.032784 0.051213 0.034191 0.037920 0.041766 0.004873 1.000000 0.204844 0.079029 0.001468 0.055182 0.052041 0.052868 0.023723 0.032015 
0.221278 0.003426 0.050477 0.103934 0.013101 0.037645 0.010867 0.204844 1.000000 0.109297 0.022172 0.116995 0.058215 0.000000 0.021161 0.003930 
0.032242 0.052004 0.114554 0.054810 0.108943 0.033184 0.052297 0.079029 0.109297 1.000000 0.122903 0.165140 0.084572 0.033861 0.023653 0.016238 
0.066021 0.024994 0.045826 0.001125 0.036786 0.033896 0.018340 0.001468 0.022172 0.122903 1.000000 0.077614 0.053287 0.050228 0.033482 0.006127 
0.116317 0.037461 0.100895 0.216382 0.028186 0.010639 0.020897 0.055182 0.116995 0.165140 0.077614 1.000000 0.283771 0.000000 0.041540 0.028972 
0.031702 0.101165 0.133044 0.195803 0.050216 0.072953 0.046650 0.052041 0.058215 0.084572 0.053287 0.283771 1.000000 0.052501 0.037176 0.015650 
0.001478 0.055000 0.074039 0.000000 0.000000 0.000000 0.000000 0.052868 0.000000 0.033861 0.050228 0.000000 0.052501 1.000000 0.048724 0.023161 
0.070315 0.078697 0.029846 0.015749 0.009345 0.021863 0.033638 0.023723 0.021161 0.023653 0.033482 0.041540 0.037176 0.048724 1.000000 0.018876 
0.056351 0.022601 0.021930 0.069405 0.020951 0.030044 0.103935 0.032015 0.003930 0.016238 0.006127 0.028972 0.015650 0.023161 0.018876 1.000000 
